$ANSIBLE_VAULT;1.1;AES256
32316430313434313533343538386233656363303466333433626231313133333738326130323039
3262383835613732316661313134656261306264323136300a333963313735343064373664363937
34616137303862356161643536323432646565666132326437333731336537636433393833373261
3262363762396139350a303963626630303632666339343266353365343630376431623864616466
62373534666432613532623533626630666234323139623664613161303161343632346564306466
34626139346662643233643130653861323435343830613432396361376536613139333034626431
33393464666137623564626638663664326561386538333764633534353832366437313039636132
35643234376436643733356165343737643663333131643164366136373636353762333338366266
65653431623638623661306663356232303161353439343139663532613138363135313439653430
37353532336239333335316330396539396631623866643565626438623334613336613439326133
63366262643361323639343236643262373762393961396464383566386364323166663530613832
64343631383761363130636536343137313663316163613966323966376137313338383339313864
35373664363336306666383861613562386363356635646332333339333663633464616134303231
66633034386133623263323336663235343930313832393537353637373131376139626236313131
62306238363264343738373865363137323966383466353537386464336466323764633065306337
39663434623732613363653130393761333539383839303563633364393933373634376434373062
36653431346566386535323437653734393336636138326231646439613161653563646564623838
33376431366662666138386262333236343133393434376234356635343263653732393564623837
34373131376435376566383036373665386437633937623161643038366230333839656235613639
33333866363530373530323135633836373935633939613530623937336665313336383739653466
64383964373565333831636461303466383939666531356535353439393137303861396137316133
39653332636637663632333435313266663866636534346632653333623866356437353535323261
65303336336536343431366633633437343666393465616664633865643536316637646435336631
61373863313934656265633238633039333331623735373335343531666433616161663135376239
65373731363730343538313930396332373534313831653161343233616662643936316164393633
63323934643938353261363934656636653839643438643266666431326439323837303365636635
64313561326339353930333365356266306666383463393932636631653533313230306632636164
39353839643034343564383261623638636465613566363337623935373333323662333530323434
33616462396262383164366537653362636230393962643763636366313438333535376136663766
36346435366166616539666438343633363138323462356663353035383232306562643130613738
34313663633362356264376637336562373432396136306161383034356337653064393236393862
33393631626335363139353535336366346133646164383230623731616437306338306266623532
31636564643632363136613431653461633566346232323631373365333563623139363562636432
63363564333661383236613734336333306361633366653030363234303738353362326239616562
39316138303864393061316335336233643237313037653735343336633061336265636265626239
31363861346562393133356566336265613434323633323731303137326631366436353237393333
62353535313437623632313639333234373233336136316236353962643839653638653235643636
33386462646130333763373435343165386339373064653031346434373333666336336337336234
63373334363464633235346532366530316361346139396134393938393130626630626535613532
65373934303262366437656137396238633665396137656436633730333730323138376237373638
33306666326136613062383166633636396161326438643735353362306533333939613038613864
37383333623738393637393136643431623361666239353663356431633161643139343237313633
62623733646462623463663932343735653035373964623138613431393933623138653164626365
33343163363966383966373030373366346134386533346564636162636161333932313061343237
31386532653135356438346635363736303334313361643961343564313635326466353931333838
36623061363139633365393730343165363733666464626630656537323537323063306239303332
38343362373962316462383566663465396535356664666466313966323634353736363539396535
39623366306637633263613566613438323738373533633734313331633730376637333733366330
39663865613836306666383265663531396366393462303138623430373435633538613661376264
31316231373937633234623062653337386133386466303362623130373762383739663562663232
33663330393362383036626261373061353765363962386334343363663566383535303037376463
66623432323636303032666365326232393833633839663039396364663564386435653933383266
38313039386435376133646135393066393835653836383463666134626437633033376236363564
3432613436336534363862616166656434636562373038303534
