$ANSIBLE_VAULT;1.1;AES256
36613661333131653931366634663731376565643833356232303037336261626533316436356131
6631383134626331663137623037653461356238613833610a336630356539386663373961356464
32323661353730616361356534356335376361643235306362623330396239626135626461653732
3362653830343830650a333838396366616630623266366430373663313166313933383761636663
61396162396533393839346135663030336233653630336461356566636537303835656130613964
38316239363536323331336263353361646539373761356566653464363062643830613632336161
36656662666131616562306533393237663538383761653461306537636438646433333339663430
37323738653361353632336336313962663538343432646230656465313763613431343361343235
31643536656162316637643432386530636166633434303563326630666635373430383365313036
34303861633165343930343338396530396235663138353363663065646437646539313335396465
36346433323464333133396635363035323830333337383239333364626638313665613763623062
34643139383061616661383738313636633866383263363565306130313730633436626164626233
63383062366539313538396230376331346263396161333532633962386132313139373334366234
33613839356264383562303839373139323534306337623531653765363634343662353466623162
34653338613332656139393932323933633662646337646266393234633761333832623638373336
35346538376561373137313131313233366233306137383034346361333762376162306434333432
66616561303061356134386330376264643433353732393137373437366635613431373962303562
31353761336430643263336137393065393539623765613035353336653330643064393162326230
35653036613534316235613431303330633964633630393865646263326165613365613765313163
66643537653336323964353863636563643536343666346438303530393934326331383762643266
34393333633363373539323039613961303038656538316234353562643637646533383134363334
62626365366533396538353137333964336333343530646433643163626639376361373235613939
30623263343636363431643333316138366233306139383866353366616265616661393037663065
64363335386230623736326463646165373735313361613631306434323362626465613139613163
39333164303564636239313831633965653239326461303131316262613430383564633234356463
34313764376233353063376136663266313166346532363131393632646334316539373837616464
33646665643439653339643130633235383039623833306137383232623765333666313232656662
63646666373437623538663462323734393061396438663162653461313564653935386165643733
34383139393138303738333665356163636637323536316137656639663230346337623065326632
31303735366165393463313363326532646237616332363462323936613561346362616162653966
32616131366664633134316635393238306666613765636561383335323638393734333166366661
39636533366331326533636331363864383831663863383561303761353331363437623330313231
33323164333032363931363064313761313537393932313063396335386265363838653132656662
32343861656633393230343864303664396436656338303061353965393166636366376336323034
32633562326137636136323339313036376265393538653163393562343837353735376335346165
38336262333062373336663030356238343431623366656134336264666662653866373564343161
30373063653738636361336365306633306662383264666633383333353338316463663639393130
61306337643332363730633761643162383265663035366666333039623934666164346662633936
34643939333439393038336264303932386563346338373265346133616433653765353434376534
65396638373265383238326363326639333661343435646665396136666134333337323037363931
61343664353538356238376634363134376435336361653536333934303264383730303365633231
32333761626631663366653666306139316430386339353032396463316665393637396432383731
30306435613838343335336235326662356135643266666332663937616336306538616465333966
65646364663534336661376562623139313136323666633838613765343739336437353331343765
35313636656333653966623561396137633137363738386139643038613662353436303533646266
34643430663036313833323330316235316465303936643736613865363932613734333361643662
32316133343337336138326332646533396631646162373861636132636537363838613131623335
39653762633737343164653433333931363765316233623535663861356362393730333230393730
37633233626237656163653836643338623338646562643965326163333164646335666666353830
65636463373866366564346336623732313932346633313437366165636564366637363266363833
61313137363138353661623865656161346162366438386633303561663031376635336137633562
62626233623663643635643839626264643232393162353532323039343237663566626266626261
62656439313439303636383632383331366665643563613334616434636437626532343831303930
64313035343732633838373034356464613735656437636562346532313038363233383234346638
34626535613364343038343934353766396663386535323133383338393833633432333539643837
36393833383139303933383065626639316130643230363163653830313332393232343063643563
66313032303830393939356562646337333162653832396137393461323435643961386565646531
37663134303734633464653831383838613564353365373064333565356339613761366536653366
37346135623332386236343664363064643335646138643434326662363036623030613836613064
32323562633231626365363266653833613236376663383464663230396234616161316563353735
31316536306164303635656536663230356463333438393562623738653863343435393733663939
37626231613261396133623731636364663265623531316561373164613066343133626239363430
34353734313161353838336537356666653066356233643861623439303636323132343030663239
64613833646133623733653464363565336465313432363038376330613633643964383239313663
33663533643565653730303466633065623433386532396438636165333666613465383134623938
33366262393634646266653833643264663736633466353037303065353366346535343664383030
65353537326639393937326262653061353561343430303530303833613164313565336431373836
32323737356535366461313933333834323138663133333935336261376264396235663731333466
65316265316431633334653131313835346332656435313338613638616334656230386263333434
62623133313535363666396166356334383539376539343637313866323262646131356235306339
38356161323531613831306536663166653963663235633637303361323861303534353238393230
36643732323936343962353361613365323435373263343335353865333866376563323534663265
63393530626562623564633530663165616166663565633664626466643366373063373934613831
39613833396162366561643231373461626262363663666230333565386430336334356431316533
31353834353539616536356335616335393661316434666565376133336132623064623630373263
35666161666231626431363363663638653762383630366535303035346135636435343436383039
35323435353238313461393830376261306639303666343933373263383634313931376138666361
38393564373035333666393065336664373833376463316361356462343033346165393532303034
63326438396237306561383464653862396438306635623366343264326565663535656633363162
37373764616461383766386538326137656536616634353763353333393539663861616461636133
37363762646463346238323832646439343236633261306131656633363838323366643165393837
34666537613437396462323162323237303931613231363532663833313961306233633037663166
34396338643937383937613366326333646537343130323334323162613330343132343866626634
36626339303634653636333834623533313335353561623138666363616566393030373535613831
64316662363464396564653137323934323538646562366563613735363738636539623636376362
63616231333965356666633433353861323539336230306534336430313238363336333838343238
35623564346237383966373632626264313130393637343633313936353663663830303463353336
66323735343030303135346664336466343338643038653635656366643332636163373261373439
61353561383932303265343039383837323938623062323930353034666633333861633264313564
66616436636333343038643763303535663366616364383030393866396262393233653764323133
31323031386330343631333634323830613266646630333061633130353036393331646330363234
33323064616138313838333866323063653239366434393863393431646363343933613732306565
66393034353166646636346535663031303932313839623737393966326234306331333830323034
31326663653065653563356264666633656162376530343965366634363632393666633335373762
36646263643038313830316664633534303836316534656132666138323633613337643733636661
30363733333231653534373361376534383033646430383838656331353564393637623262626334
35383235623730376439346262306432373435666438643430336536323565653162333464303361
39343334303033343536633937663234383734333965313735313832306534323834616266336563
33373735383131383238333264336131646663656335326266333438623364356532653137306464
61386637306164353961383231333664383739323534393732353638383536396566353633353933
38363730343835616638316231376535623534653662343563646633663438356136613366376461
33373534313338306366323639393434373364343039313432316536366232623236396666353937
34316233303261623264643930313534356630386433633836343365343230663438653761323931
30356364636461323764643337306165373031643164363538383266333133313939336566663064
62346361303039656463656438336164313864613031653966656661323630356163363566653265
64393830396635353066343533316565633835386332366437643039376330353437363433613563
63373430633933656264393234613234346439323336346436306437623433376332313037353262
32653039343631643239666639306337356136656265383034643161316666616465353963643563
63333133343036303837653565633336383933656237623436633766356238333932363666623362
30343138336132346265663061356565333239393962376632393664636132343339613562393036
32353262393832646638343161373636343534363462306566616334323735313539363338363464
35346430363537383261353734333665383734373063316534306332306137383564633439626438
36313132636338656566316638656264656565383839633866663931306466613233323665323561
65656332386138343664653264623134643031636565323435626632396531323461656530363436
62643234363836616533306437303932363935623861373764643865326639336537353132353138
38346364663530336636353537653666323162656536346534353033633962313936313861376464
34333764303864383666366133356461613735366534393531363334323031646332323061386461
62386631353264613132643838636437646265383761363237353937383438623538623234636432
61636135663065633338656435316563343338303265663862376365396561613166323037386630
61356333373232323533353064356338383635326361396132366234633634313132316231353835
62633235666534613336336361636237376331613265303038306662313934623865313363646334
30613533663533623033306431386433643063633134336433323533656434613266643164333766
65383633633265633739336339326362663363653731353163303731323539313135303834613632
64643738653232366532343264633235663938333236616664383230396262623537333262383932
34336232646366306361363531623363386136626139616531383062333730363764366532653064
64346232323139623032343861646637663238383736306161316561376331366537313938303534
65626234376531333232336461363035356336666431383535643432353833613030363464326661
62353638306562336331663536653434323231316265396261653539626666363164313938386239
39316236646531343935353966393633323361383335343162326538313630383830316333613330
31353438396339343461323164666462323865346334613666613739316565313839356137616131
31313664626531663264396466613866626265356337356263303337383363313535323234396538
30323735616535343266393132643636616166626366646663353032316638333634613337373236
66373937656163306239343932616537333232326561343639343166636666346337373137653239
6636623732636364353263343635363161333533663234393065
