$ANSIBLE_VAULT;1.1;AES256
32653637666366653663616530343165376362653663383163616238613833356665666334383664
3330653266633536643261393638353337383264646364660a636633613534633936333866343330
61343662353063346561626662343639336230666464386637343939656239653933333338663438
3763633165363366310a666533646166633038643837303061373637383931363531626164633231
61353363383237323164616564323963323761326461633937383034636137346561623465316333
65633461643031663530383839653938396430613261303862623434333864653037633230303133
65316537336132633762666338623566383832326362373330653263326632306635333266623235
34343462336438656333373032303561393662646534383863636163323837303333396462386265
33313034663631343934613331646234653431666439303937383163333233323266616139626461
32326666363234363063303535316337643031646164396234323862663939613837323139386163
31366536363766323137643635663064636137613538366432656162643136626533393264356534
34656237656363383539666433343834643239306562346666393936326235363561663130636131
30636265323566343639346338323133633462636338636532663438613734613836623336303037
62633239326334393630643864366661663737393033306432643065616164316465346239663730
62633935353830363235336435386232363939663365336331323764356634303363346564633939
61636137303333346334366137393265656464626135663937316535356637633666343665663439
34633339643262613463633538316639353138396531353934616166313065313431616238306130
37616564376166363330333231333639326566643264306465363135663839326138643437633836
39303339656365346261363835383365366134643239316432653962356164633939653032363064
64336162373139373838653339373233656434643261386434386139353262633435656665356164
31373831396130343535383561356233316534636439613235383362363838323939333965363435
65343436663161373965336666393163646663343037353736353232393863363236333935643064
356566383033626566386333376532343964
