$ANSIBLE_VAULT;1.1;AES256
34636634643933613137386134643835373230343363333535356232323765373433333064653131
3034396636313766386163313065303163623563383062320a373630646232626535306436643763
39363936343937663136313639393034616366346230643232616561366462643534363566613263
3161393263306334380a666131363931336233393534323766343132396132613133346334363462
37633465386534336635663365346564383631373865643032336632306237653638363433373065
61613530353662333561626132373738343539343031323861623036613937316538306466663466
38376135373239656138626363653433313562313239313737333635393165393437656638643466
37613762623232666637326563343262343461666137356166663934616665396662343166353336
37303938373361303566366161653362326562343331613663663962303262616463306164643834
65386238383239323539323233623235613737303034626562653837356435626538633434313439
30393135343539623233393764393930396339393162663239653934336532343866616533383039
34373836313935623838346163303334383238383063366339633232623265303036373534646663
65646338386561303936626131663166373335633162396562626537623132393565326264326133
66303265343065366534306333346434626635333534396430383938373636613738323265636163
36316532653033373864383939346166623532626138336265366665366666626437396164373166
63323231343433393938396465613664663930353763376161393835393832346362653036623235
39313063336164306434333038666466323963326430386464336562346166623564383138613238
31613537326265383331653562383937666536616466386362666266393236643530613139396165
63373731396163353835373038333432316436363133623937656237366665303636363965343930
31643262346433393331663334316530636134646231396363353563313838636661373362616466
38363930336261336461386338316332663163396461623730656638383366393338376566646361
34646533386166303332383435356537303662363134613832623535316331303339396163656239
63313065323330383637363366343964303530616237303032386635346465663534373863616137
64666439663338373062356335393033326336323935363763343437323431663539313437366161
63343237653938386230393062663137623365323638393135373437326261643931633964633763
30366665643432323261333566346237303633306438376562393864613732396231653936656532
35346363373962663739333833366437363836363831636434303039303239666139386563323537
35316337343533366465366531333739336130323535336536316233623935353365343532346435
66623139333765623064313664663362346563306264633639613437353433383463363834646137
36616463646465396561623066656530343833313064396436643664303430376336373936373531
36633734643935366261613635333662323033656461323365623330313665353936626262356535
36643138633737393436653630613838313430343931626662343032333765633536663230393436
36373235323131306438313336356434616136323766646137643138313931643333343261306664
32336334303861613135613062333039366366633366643235636261363431336564333932363963
32616432346430343633376636376161646631393863346130666666396635396431633435346166
33623137656139383133383166633062643738353130613662616465313139393964333339386436
33366133343133373133663733636135323962643235386463363137333466363439623431323832
61343961656464323363383436383463646362353832666466386366646334653963613662663233
39363563396337366330383430383363356439353963623632633439636262653637373632633939
64303766383665356663653864663135376164373130306365306136613663323165363262356363
31393462313533376239633832303066623837303863336165393661336338323464656262643833
30653163653535396537663162636266383464613237666232376234343436303431363566643164
65643831393439333835316364343131346333336530613135623462636135643263613635633332
37316236333533376238333661343335623262643466393832353032663533643238613464636139
35306637373961663261383965656433656266346335396239356438376462383130353563636339
39376437613162376464343334373635343034313637346534393635306439616638633935623561
32663138323561356137663234313863333762646264326533333833373639653266643161663831
31363339356531366166623338623534386636346235343531666261363936346534616430383937
65323765356531633231346238333832386232613663373732396437316534346663303634346338
34356462366234623835363431393863653233333537333330396361353462393861663337353837
30343961376366353465633038633866373932633633643163613530373433616164666365653630
32656230333836373466613237613130373464373463623664383234633464333463633431663633
62313032383661393865653630366235323036636462343265306530316366353966633233303564
66336561393931653332623939396363393532666532643166656464353834616335383133636264
31326637633435353365336134623162613138373463363166313639613330316432623330396438
64636137326636663762626133623438373166316133653037376462663639363764393738396264
38616431323232323734663431656662306562353538393732616439663338636335663238326630
36616166616635376638366661326136323632656435363134373461633836363161636336623736
32643663666238613030663066653465613237373936636439646136323838643363393338623966
30373137363361396233653261373632316464646532323366626137623834376436333937613962
62316365363036316135333732306236303837643737366237313737613565306262363665353235
63666232656632653863363562643738303934646166366437396533366436643939393937323764
32623731323338663632323536626666303836373763663562653462386234643133643763633436
61316261636236613463313034313761616363643032313834373762366136383537396537396239
39386632613433393165376362376630656135323731306635393735633639326539373162633464
61333033656335643561383964353730353430613939353132343838396461633339643631346231
36313464656430356538636364303464336337666564623133366434663462643039613735656238
63343636393663636633303964353133633632396461313930653263666464643264626263616430
62646536393262383531376262666133346639303634333439666136346531383530613831653965
33663333663866376166643161313232363434336631326430316530623336643165396366366362
66393561353364353339633338623639306338653362646234623839333337666334663165333738
39633261303739323936626539366637613966656335653832636139666562333661373238653537
34643134366139353935666264313563383533353230353530306538363130653334326437333335
37396639623233313430393935613139333265633733326633373062396635616437626236313661
38616662666235623564633666383636343239313534383738623930356437646465383132303165
38636630376637323664663035666335313439353864636463306336633737633463306663353634
34616538363238653431666563626466373434343837346139363766626664663738343661316135
62653164656139346438336439343931343031393433643232336262393733373438393438326133
37366639346336303732343363326136346362303632666639636130616338303562323934303730
62323534613134323266306633376134383334646535333265613163666239303938366533643137
63396366393661636136663038323135653332336161363961366235656635663361366533363038
35393765373838386530353134306363323431613563376462663335373836333831626533613662
39363330303433353561633863636263663761336138666331346533343738313363663462326434
32363233373030633561363962313437323134326132366666333061393162383533303035366633
32393230666262623730313934623734333062663634333232616138656466613762383564323264
62363431663561666637326661623461313166646130353131323439366632613066326161366439
62353266623032616330333732616438356437623662316336393839383461356137633937346664
35303965646465646363623035633736373663343938626265663734333837626330373432316166
34643030346131626165376262383433333961343962353130386535373731353134376338373436
31646236396633623232363930313266313364633938373432353534353861663738363630626639
32323437386362633166663663346336316132306238383133646264303966366264626462636266
35633331373339356531663236656664303764366135313862326131393665316662343833613264
31333232326435346364396266646431333432333332313333373133653631663138656533393938
63666631306336373938306537303037303930363161643538393632393539643032396331653365
35373963646165313936356632653138393564623062363061333364376661623133303231643563
30376437396464326532656538306637653137386331363034663733616239346433316565356262
63356232306238616365633534623264616434316364376466333139386136313162346662666138
65333831616338303530316666303666616236376437666462386237313230633336363934333430
36663031633034616562323665356265653330383439353033623365343266656636326366343234
62353262653231306665633939646561366565613039636463393636613930643264656430366137
30646336393034326534376338616661373564663834353963663430653239663631653031396538
66373236363938613433363838363466626163383832323532613364363663356436366236366264
35666536393461646265396363363861353966393035383762363764363335666639346566643631
38633832316632663731303466353433356137306336363863346431336166323838343665373933
63336138356334633336376632643866396531633465353635393236383038646362366563373661
65323061363337313736653663633035383134613834623638343333363864343262373336303364
37353531623630306230373739303437353431616333313833626662613666306463383164623136
63383961366232643363666261343035623566663366653332623935636464633331636462353338
32323062336533373230323736333632306436336638313636386537666634316561333063393461
65653237383333656535393465306635613731616665303662303437333332366464633136646266
37336637353839613865383632643664363566623763363362333337613164343136386532633238
35343636303736346366303130386237313565373564373135353438613933656433383537666235
35643139356563653165323964363732333531613766646263366137633138346166323261666138
33373333383233646435613430373138373036633933626336313837326633356237626532343238
65353461393733333430393462386330626663333965623032633333663235373039386636323833
34303630323131313865306639383238343065653034633965666337363532663238623431363139
65643533366465373761346333343333666436386365646263343065626664643061313465326662
38323038616461663430396461643063333063653066383062306139326461663339623261623237
61366561666233633466383932363333663934393935633636613233316464313536633864613930
64666163613633376464613936643163376539346461363730393464336363383465643665643938
35313161393632646130666263366330376532363835623932626638623032646237663233633133
31373466656532343534363736613062333165616665383866633030376466393430363333613064
38336332336165613537633666616639616264363135393761363336363038646433396165386630
62646530393530316233363633633632653032346336333132333332363165323465633730353061
32643666353731613865653163336163366532326137306263653430346464363735363930623662
37616263613731313564316138343065633632346132396137316565363362333765623433313165
66346261613236616336303135333962323633386164336564386634663864643437303939333838
63633534643333643466343534323734613834343766633834393761653637353365333963376336
33323934623662386339396632653038356366663464653334383166346632646134343432313564
37363731616434643330386632356133623133333336636132356438636364393263613066313139
36313261636563393262623135303837613030383538353865613134646533363935623439633864
65643036393964333162663032356638666334333938336335326266316362623832626264393865
34376238646331643865366331373833306130326334386666353763343065636237633066326463
6262613836313835316166613939363063323739363534626232
